quicksort:
0.0169782
0.0105777
0.0106023
0.00976129
0.00978663
0.0095186
0.00950939
0.00950785
0.00953319
0.00948251
0.0167393
0.01972
0.0155651
0.0107535
0.00950708
0.0095762
0.00988647
0.00958465
0.00952244
0.0105416
0.0110915
0.00946407
0.00979047
0.00975438
0.00940801
0.00940187
0.00942951
0.00938804
0.00945255
0.00942337
0.00939956
0.00939956
0.00940033
0.00941799
0.0094587
0.0094802
0.00947713
0.00947329
0.00939342
0.00941108
0.00943412
0.00940033
0.00941339
0.0121521
0.00947406
0.00944948
0.00943259
0.00945563
0.0102697
0.00967374
0.00939495
0.00955163
0.00939649
0.0104794
0.00945486
0.0103857
0.00947099
0.00943259
0.00941492
0.00941108
0.00941876
0.00939956
0.00945255
0.0139515
0.0275643
0.0120538
0.00951399
0.00948251
0.00948404
0.00945255
0.0104663
0.00946484
0.00943028
0.00946715
0.00947713
0.0094418
0.00944334
0.0094418
0.0099218
0.011742
0.0106191
0.00944641
0.00941415
0.0094034
0.00949787
0.00946484
0.00939495
0.0094011
0.00940187
0.00943335
0.00939572
0.00942107
0.00944718
0.00944948
0.00941031
0.00949095
0.00938267
0.00939495
0.00942798
insertion
32.0913
34.1785
33.6439
32.7773
29.1962
30.0467
28.815
26.7617
28.9288
29.8265
30.0399
27.2817
26.8318
26.7885
27.5681
27.4363
27.7583
26.5233
32.019
32.4458
31.6144
32.2053
32.0207
32.3142
32.9126
35.2838
33.2464
32.8976
32.9602
33.2948
32.64
32.8093
32.0732
32.1719
32.437
32.2907
31.7162
29.099
32.7666
31.7256
31.8151
31.7305
31.7871
31.9913
31.9094
32.031
31.7403
32.1892
31.9006
32.0149
32.1619
32.1556
31.8389
31.9395
31.8759
32.4166
32.0137
31.3549
30.1794
28.2955
27.8601
28.123
27.873
27.1924
27.4079
28.2973
27.4681
27.0494
27.5406
27.2784
27.8393
28.4382
27.0865
28.1104
26.7302
27.6884
27.0656
27.4315
28.3973
27.9901
26.9788
27.2502
27.5794
27.523
27.5906
27.3166
27.2898
26.8212
28.2103
27.659
27.2322
27.8146
27.5523
27.6069
27.8115
27.3781
27.1454
27.3005
28.0826
buble 
120.669
120.393
121.064
119.445
123.768
118.174
123.414
121.642
124.696
125.384
120.651
117.983
116.242
131.424
134.387
136.162
120.404
116.023
115.019
113.829
114.833
114.126
114.681
115.294
117.093
113.64
114.575
114.915
114.116
119.578
124.308
127.491
121.949
122.571
125.082
133.554
144.438
138.722
120.475
118.133
118.27
119.457
118.913
121.572
120.041
120.601
119.164
118.879
120.049
123.289
127.82
119.457
119.574
120.17
121.85
120.162
126.221
119.668
120.903
122.216
122.432
122.037
120.251
121.311
122.044
121.978
120.853
121.315
120.138
123.301
123.871
120.851
122.254
120.255
120.063
120.564
120.727
119.622
129.541
145.275
125.875
119.467
125.672
131.655
121.457
124.335
121.566
120.574
120.146
124.023
121.508
122.062
121.76
121.016
121.971
122.258
121.029
120.178
122.765
